%{
a = [
1	1.0	0.935526	5	0.977317, 0.99544, 1.0, 1.0, 0.93693,  0,  0,  0,  0,  0,  0,  0,  0,  0,  0,  0,  0,  0,  0, ; 
2	1.0	0.573304	7	0.137683, 0.711136, 1.0, 1.0, 3.03248e-05, 0.0792856, 1.0,  0,  0,  0,  0,  0,  0,  0,  0,  0,  0,  0,  0, ; 
3	0.06	0.72455	3	0.0392845, 0.994237, 1.0,  0,  0,  0,  0,  0,  0,  0,  0,  0,  0,  0,  0,  0,  0,  0,  0, ; 
4	0.12	0.142753	5	0.722522, 0.722522, 0.000145417, 0, 1.55732e-06,  0,  0,  0,  0,  0,  0,  0,  0,  0,  0,  0,  0,  0,  0, ; 
5	0.8400000000000001	0.8420249999999999	5	0.992906, 0.992906, 0.00493027, 1.0, 1.0,  0,  0,  0,  0,  0,  0,  0,  0,  0,  0,  0,  0,  0,  0, ; 
6	0.72	0.842032	5	0.992909, 1.0, 0.992909, 0.00499295, 1.0,  0,  0,  0,  0,  0,  0,  0,  0,  0,  0,  0,  0,  0,  0, ; 
7	1.0	0.8420270000000001	5	0.992909, 0.992909, 1.0, 1.0, 0.00493905,  0,  0,  0,  0,  0,  0,  0,  0,  0,  0,  0,  0,  0,  0, ; 
8	0.55	0.932677	5	0.977013, 0.909836, 1.0, 0.995416, 1.0,  0,  0,  0,  0,  0,  0,  0,  0,  0,  0,  0,  0,  0,  0, ; 
9	1.0	0.942821	6	0.985127, 0.996469, 1.0, 1.0, 0.995612, 1.0,  0,  0,  0,  0,  0,  0,  0,  0,  0,  0,  0,  0,  0, ; 
10	0.75	0.85243	5	0.994715, 0.153397, 0.967366, 1.0, 1.0,  0,  0,  0,  0,  0,  0,  0,  0,  0,  0,  0,  0,  0,  0, ; 
11	1.0	0.94413	3	0.997047, 0.997047, 1.0,  0,  0,  0,  0,  0,  0,  0,  0,  0,  0,  0,  0,  0,  0,  0,  0, ; 
12	0.25	0.886745	5	0.903294, 0.971881, 0.608692, 1.0, 1.0,  0,  0,  0,  0,  0,  0,  0,  0,  0,  0,  0,  0,  0,  0, ; 
13	1.0	0.9425209999999999	6	0.996448, 0.996447, 1.0, 0.99559, 1.0, 0.984914,  0,  0,  0,  0,  0,  0,  0,  0,  0,  0,  0,  0,  0, ; 
14	0.85	0.636478	5	0.983136, 1.0, 0.0394148, 3.13997e-05, 1.0,  0,  0,  0,  0,  0,  0,  0,  0,  0,  0,  0,  0,  0,  0, ; 
15	0.6799999999999999	0.8732140000000002	6	0.092553, 1.0, 0.994324, 0.99527, 1.0, 1.0,  0,  0,  0,  0,  0,  0,  0,  0,  0,  0,  0,  0,  0, ; 
16	0.32	0.8569850000000001	5	0.994756, 1.0, 0.968021, 1.0, 0.195878,  0,  0,  0,  0,  0,  0,  0,  0,  0,  0,  0,  0,  0,  0, ; 
17	1.0	0.9416800000000001	5	0.995495, 0.977968, 0.995495, 1.0, 1.0,  0,  0,  0,  0,  0,  0,  0,  0,  0,  0,  0,  0,  0,  0, ; 
18	0.72	0.843085	5	0.994643, 0.0659043, 1.0, 0.966228, 1.0,  0,  0,  0,  0,  0,  0,  0,  0,  0,  0,  0,  0,  0,  0, ; 
19	1.0	0.9416800000000001	5	0.995495, 0.977968, 0.995495, 1.0, 1.0,  0,  0,  0,  0,  0,  0,  0,  0,  0,  0,  0,  0,  0,  0, ; 
20	0.52	0.9144029999999999	5	0.99484, 1.0, 0.710785, 0.99484, 1.0,  0,  0,  0,  0,  0,  0,  0,  0,  0,  0,  0,  0,  0,  0, ; 
21	1.0	0.778429	7	1.5e-06, 0.784181, 0.73662, 0.684724, 1.0, 1.0, 1.0,  0,  0,  0,  0,  0,  0,  0,  0,  0,  0,  0,  0, ; 
22	0.64	0.824456	4	0.996514, 1.0, 0.996514, 0.161185,  0,  0,  0,  0,  0,  0,  0,  0,  0,  0,  0,  0,  0,  0,  0, ; 
23	0.96	0.711045	6	0.970517, 0.0112512, 0.00907523, 1.0, 0.994092, 1.0,  0,  0,  0,  0,  0,  0,  0,  0,  0,  0,  0,  0,  0, ; 
24	1.0	0.8354760000000001	5	0.965191, 0.992798, 0.00986122, 1.0, 0.994559,  0,  0,  0,  0,  0,  0,  0,  0,  0,  0,  0,  0,  0,  0, ; 
25	1.0	0.412138	8	1.5e-06, 1.5e-06, 1.5e-06, 1.5e-06, 1.5e-06, 1.0, 1.0, 1.0,  0,  0,  0,  0,  0,  0,  0,  0,  0,  0,  0, ; 
26	0.44000000000000006	0.8991719999999999	5	0.973439, 0.592092, 1.0, 0.995155, 1.0,  0,  0,  0,  0,  0,  0,  0,  0,  0,  0,  0,  0,  0,  0, ; 
27	1.0	0.270646	7	1.5e-06, 1.5e-06, 2.08267e-06, 1.0, 1.5e-06, 1.5e-06, 1.0,  0,  0,  0,  0,  0,  0,  0,  0,  0,  0,  0,  0, ; 
28	0.85	0.200981	4	0.00781507, 0.00781507, 0.992086, 0.0307687,  0,  0,  0,  0,  0,  0,  0,  0,  0,  0,  0,  0,  0,  0,  0, ; 
29	1.0	0.941704	5	0.978175, 1.0, 0.99551, 1.0, 0.99551,  0,  0,  0,  0,  0,  0,  0,  0,  0,  0,  0,  0,  0,  0, ; 
30	0.5	0.814429	5	0.00213876, 0.864493, 0.99259, 1.0, 1.0,  0,  0,  0,  0,  0,  0,  0,  0,  0,  0,  0,  0,  0,  0, ; 
31	0.5599999999999999	0.856963	5	0.195625, 1.0, 0.968035, 1.0, 0.994763,  0,  0,  0,  0,  0,  0,  0,  0,  0,  0,  0,  0,  0,  0, ; 
32	0.5599999999999999	0.857489	5	0.994988, 0.196358, 0.970139, 1.0, 1.0,  0,  0,  0,  0,  0,  0,  0,  0,  0,  0,  0,  0,  0,  0, ; 
33	0.5599999999999999	0.9354039999999999	5	0.977308, 0.935763, 1.0, 0.995447, 1.0,  0,  0,  0,  0,  0,  0,  0,  0,  0,  0,  0,  0,  0,  0, ; 
34	0.5599999999999999	0.856963	5	0.968035, 0.994763, 0.195625, 1.0, 1.0,  0,  0,  0,  0,  0,  0,  0,  0,  0,  0,  0,  0,  0,  0, ; 
35	1.0	0.941673	5	0.995491, 1.0, 0.995491, 1.0, 0.977912,  0,  0,  0,  0,  0,  0,  0,  0,  0,  0,  0,  0,  0,  0, ; 
36	0.96	0.742434	7	0.0110973, 1.0, 0.858672, 0.0220714, 1.0, 0.987499, 0.987515,  0,  0,  0,  0,  0,  0,  0,  0,  0,  0,  0,  0, ; 
37	0.48	0.8499190000000001	6	0.995005, 0.0161835, 0.902279, 1.0, 0.978563, 1.0,  0,  0,  0,  0,  0,  0,  0,  0,  0,  0,  0,  0,  0, ; 
38	0.8400000000000001	0.709825	8	0.823533, 0.829909, 0.885556, 0.000303785, 0.829916, 1.0, 0, 1.0,  0,  0,  0,  0,  0,  0,  0,  0,  0,  0,  0, ; 
39	1.0	0.941691	5	0.995502, 0.978068, 1.0, 0.995502, 1.0,  0,  0,  0,  0,  0,  0,  0,  0,  0,  0,  0,  0,  0,  0, ; 
40	1.0	0.9416879999999999	5	0.9955, 1.0, 0.978043, 0.9955, 1.0,  0,  0,  0,  0,  0,  0,  0,  0,  0,  0,  0,  0,  0,  0, ; 
41	1.0	0.941676	5	0.995492, 0.977935, 1.0, 0.995492, 1.0,  0,  0,  0,  0,  0,  0,  0,  0,  0,  0,  0,  0,  0,  0, ; 
42	0.75	0.8194570000000001	5	0.0410506, 0.99278, 0.86714, 1.0, 1.0,  0,  0,  0,  0,  0,  0,  0,  0,  0,  0,  0,  0,  0,  0, ; 
43	0.76	0.8614219999999999	5	0.237541, 0.968526, 0.994795, 1.0, 1.0,  0,  0,  0,  0,  0,  0,  0,  0,  0,  0,  0,  0,  0,  0, ; 
44	0.4	0.899287	5	0.973431, 0.593238, 0.995133, 1.0, 1.0,  0,  0,  0,  0,  0,  0,  0,  0,  0,  0,  0,  0,  0,  0, ; 
45	0.4	0.899287	5	1.0, 0.995133, 0.593238, 1.0, 0.973431,  0,  0,  0,  0,  0,  0,  0,  0,  0,  0,  0,  0,  0,  0, ; 
46	0.3166	0.8991719999999999	5	0.995155, 0.973439, 1.0, 0.592092, 1.0,  0,  0,  0,  0,  0,  0,  0,  0,  0,  0,  0,  0,  0,  0, ; 
47	0.3556	0.867756	5	0.96949, 0.296622, 1.0, 0.994858, 1.0,  0,  0,  0,  0,  0,  0,  0,  0,  0,  0,  0,  0,  0,  0, ; 
48	0.4	0.867735	5	0.296401, 0.994863, 1.0, 0.969497, 1.0,  0,  0,  0,  0,  0,  0,  0,  0,  0,  0,  0,  0,  0,  0, ; 
49	0.4	0.899287	5	0.995133, 1.0, 0.973431, 1.0, 0.593238,  0,  0,  0,  0,  0,  0,  0,  0,  0,  0,  0,  0,  0,  0, ; 
50	0.4	0.899287	5	0.995133, 0.973431, 0.593238, 1.0, 1.0,  0,  0,  0,  0,  0,  0,  0,  0,  0,  0,  0,  0,  0,  0, ; 
51	0.64	0.704802	6	1.0, 0.972912, 0.00902586, 1.0, 0.970031, 0.00209161,  0,  0,  0,  0,  0,  0,  0,  0,  0,  0,  0,  0,  0, ; 
52	0.76	0.8614140000000001	5	0.994794, 0.237501, 1.0, 0.96851, 1.0,  0,  0,  0,  0,  0,  0,  0,  0,  0,  0,  0,  0,  0,  0, ; 
53	0.8800000000000001	0.877749	5	0.987052, 0.376323, 0.987085, 1.0, 1.0,  0,  0,  0,  0,  0,  0,  0,  0,  0,  0,  0,  0,  0,  0, ; 
54	1.0	0.79736	5	0.978989, 0.812557, 0.00409213, 0.996739, 0.989267,  0,  0,  0,  0,  0,  0,  0,  0,  0,  0,  0,  0,  0,  0, ; 
55	1.0	0.941696	5	1.0, 0.995505, 0.995505, 0.978108, 1.0,  0,  0,  0,  0,  0,  0,  0,  0,  0,  0,  0,  0,  0,  0, ; 
56	0.7	0.861388	5	0.237397, 0.994787, 1.0, 0.968435, 1.0,  0,  0,  0,  0,  0,  0,  0,  0,  0,  0,  0,  0,  0,  0, ; 
57	0.8	0.8511330000000001	5	0.141361, 1.0, 0.967153, 0.994699, 1.0,  0,  0,  0,  0,  0,  0,  0,  0,  0,  0,  0,  0,  0,  0, ; 
58	0.7	0.8615770000000001	5	0.238094, 0.969, 0.994838, 1.0, 1.0,  0,  0,  0,  0,  0,  0,  0,  0,  0,  0,  0,  0,  0,  0, ; 
59	0.8800000000000001	0.726764	3	0.994265, 0.0489391, 1.0,  0,  0,  0,  0,  0,  0,  0,  0,  0,  0,  0,  0,  0,  0,  0,  0, ; 
60	0.76	0.278347	3	0.988621, 0.0113678, 0.00766315,  0,  0,  0,  0,  0,  0,  0,  0,  0,  0,  0,  0,  0,  0,  0,  0, ; 
61	0.52	0.800978	4	0.0168454, 0.987134, 0.996376, 1.0,  0,  0,  0,  0,  0,  0,  0,  0,  0,  0,  0,  0,  0,  0,  0, ; 
62	0.6	0.8189759999999999	3	0.995445, 0.451149, 1.0,  0,  0,  0,  0,  0,  0,  0,  0,  0,  0,  0,  0,  0,  0,  0,  0, ; 
63	1.0	0.746405	7	0.877126, 1.68139e-06, 1.0, 1.0, 1.0, 0.00289688, 1.0,  0,  0,  0,  0,  0,  0,  0,  0,  0,  0,  0,  0, ; 
64	1.0	0.9416879999999999	5	0.9955, 0.9955, 1.0, 1.0, 0.978043,  0,  0,  0,  0,  0,  0,  0,  0,  0,  0,  0,  0,  0,  0, ; 
