a = [
1	1.0	0.570685	5	0.94992, 0.990852, 1.0, 1.0, 0.560463,  0,  0,  0,  0,  0,  0,  0,  0,  0,  0,  0,  0,  0,  0, ; 
2	1.0	0.406805	7	0.000936063, 0.068045, 1.0, 1.0, 1.5e-06, 0.000447449, 1.0,  0,  0,  0,  0,  0,  0,  0,  0,  0,  0,  0,  0, ; 
3	0.06	0.161352	3	0.0491684, 0.993151, 1.0,  0,  0,  0,  0,  0,  0,  0,  0,  0,  0,  0,  0,  0,  0,  0,  0, ; 
4	0.12	0.0181035	5	0.000775865, 0.000775865, 1.5e-06, 0, 1.5e-06,  0,  0,  0,  0,  0,  0,  0,  0,  0,  0,  0,  0,  0,  0, ; 
5	0.8400000000000001	0.451799	5	0.988893, 0.988893, 0.00599104, 1.0, 1.0,  0,  0,  0,  0,  0,  0,  0,  0,  0,  0,  0,  0,  0,  0, ; 
6	0.72	0.451823	5	0.988899, 1.0, 0.988899, 0.00608714, 1.0,  0,  0,  0,  0,  0,  0,  0,  0,  0,  0,  0,  0,  0,  0, ; 
7	1.0	0.45180600000000004	5	0.9889, 0.9889, 1.0, 1.0, 0.00600766,  0,  0,  0,  0,  0,  0,  0,  0,  0,  0,  0,  0,  0,  0, ; 
8	0.55	0.555705	5	0.948968, 0.495913, 1.0, 0.990726, 1.0,  0,  0,  0,  0,  0,  0,  0,  0,  0,  0,  0,  0,  0,  0, ; 
9	1.0	0.9352560000000001	6	0.967384, 0.99504, 1.0, 1.0, 0.993478, 1.0,  0,  0,  0,  0,  0,  0,  0,  0,  0,  0,  0,  0,  0, ; 
10	0.75	0.46914	5	0.989973, 0.123222, 0.943072, 1.0, 1.0,  0,  0,  0,  0,  0,  0,  0,  0,  0,  0,  0,  0,  0,  0, ; 
11	1.0	0.356523	3	0.994169, 0.994169, 1.0,  0,  0,  0,  0,  0,  0,  0,  0,  0,  0,  0,  0,  0,  0,  0,  0, ; 
12	0.25	0.384443	5	0.455133, 0.936869, 0.253588, 1.0, 1.0,  0,  0,  0,  0,  0,  0,  0,  0,  0,  0,  0,  0,  0,  0, ; 
13	1.0	0.9346080000000001	6	0.994976, 0.994974, 1.0, 0.993421, 1.0, 0.966627,  0,  0,  0,  0,  0,  0,  0,  0,  0,  0,  0,  0,  0, ; 
14	0.85	0.24748200000000004	5	0.971627, 1.0, 0.0381832, 1.59733e-05, 1.0,  0,  0,  0,  0,  0,  0,  0,  0,  0,  0,  0,  0,  0,  0, ; 
15	0.6799999999999999	0.836746	6	0.0451783, 1.0, 0.991034, 0.99245, 1.0, 1.0,  0,  0,  0,  0,  0,  0,  0,  0,  0,  0,  0,  0,  0, ; 
16	0.32	0.47310299999999994	5	0.990009, 1.0, 0.943445, 1.0, 0.140187,  0,  0,  0,  0,  0,  0,  0,  0,  0,  0,  0,  0,  0,  0, ; 
17	1.0	0.670766	5	0.991722, 0.956187, 0.991722, 1.0, 1.0,  0,  0,  0,  0,  0,  0,  0,  0,  0,  0,  0,  0,  0,  0, ; 
18	0.72	0.458176	5	0.989897, 0.0758872, 1.0, 0.942437, 1.0,  0,  0,  0,  0,  0,  0,  0,  0,  0,  0,  0,  0,  0,  0, ; 
19	1.0	0.670766	5	0.991722, 0.956187, 0.991722, 1.0, 1.0,  0,  0,  0,  0,  0,  0,  0,  0,  0,  0,  0,  0,  0,  0, ; 
20	0.52	0.489304	5	0.989413, 1.0, 0.168695, 0.989413, 1.0,  0,  0,  0,  0,  0,  0,  0,  0,  0,  0,  0,  0,  0,  0, ; 
21	1.0	0.453287	7	1.5e-06, 0.106369, 0.0759603, 0.0571181, 1.0, 1.0, 1.0,  0,  0,  0,  0,  0,  0,  0,  0,  0,  0,  0,  0, ; 
22	0.64	0.586493	4	0.994515, 1.0, 0.994515, 0.192279,  0,  0,  0,  0,  0,  0,  0,  0,  0,  0,  0,  0,  0,  0,  0, ; 
23	0.96	0.600917	6	0.921468, 0.0072993, 0.0055914, 1.0, 0.989368, 1.0,  0,  0,  0,  0,  0,  0,  0,  0,  0,  0,  0,  0,  0, ; 
24	1.0	0.43939300000000003	5	0.940937, 0.988748, 0.00536967, 1.0, 0.989696,  0,  0,  0,  0,  0,  0,  0,  0,  0,  0,  0,  0,  0,  0, ; 
25	1.0	0.892832	8	1.5e-06, 1.5e-06, 1.5e-06, 1.5e-06, 1.5e-06, 1.0, 1.0, 1.0,  0,  0,  0,  0,  0,  0,  0,  0,  0,  0,  0, ; 
26	0.44000000000000006	0.502977	5	0.94582, 0.268445, 1.0, 0.990323, 1.0,  0,  0,  0,  0,  0,  0,  0,  0,  0,  0,  0,  0,  0,  0, ; 
27	1.0	0.643365	7	1.5e-06, 1.5e-06, 1.5e-06, 1.0, 1.5e-06, 1.5e-06, 1.0,  0,  0,  0,  0,  0,  0,  0,  0,  0,  0,  0,  0, ; 
28	0.85	0.077588	4	0.00562682, 0.00562682, 0.990816, 0.0533033,  0,  0,  0,  0,  0,  0,  0,  0,  0,  0,  0,  0,  0,  0,  0, ; 
29	1.0	0.67085	5	0.956499, 1.0, 0.991749, 1.0, 0.991749,  0,  0,  0,  0,  0,  0,  0,  0,  0,  0,  0,  0,  0,  0, ; 
30	0.5	0.330829	5	0.000830911, 0.421964, 0.987753, 1.0, 1.0,  0,  0,  0,  0,  0,  0,  0,  0,  0,  0,  0,  0,  0,  0, ; 
31	0.5599999999999999	0.47306100000000006	5	0.139941, 1.0, 0.943493, 1.0, 0.990028,  0,  0,  0,  0,  0,  0,  0,  0,  0,  0,  0,  0,  0,  0, ; 
32	0.5599999999999999	0.473452	5	0.99019, 0.14043, 0.944643, 1.0, 1.0,  0,  0,  0,  0,  0,  0,  0,  0,  0,  0,  0,  0,  0,  0, ; 
33	0.5599999999999999	0.569824	5	0.949885, 0.556716, 1.0, 0.990865, 1.0,  0,  0,  0,  0,  0,  0,  0,  0,  0,  0,  0,  0,  0,  0, ; 
34	0.5599999999999999	0.47306100000000006	5	0.943493, 0.990028, 0.139941, 1.0, 1.0,  0,  0,  0,  0,  0,  0,  0,  0,  0,  0,  0,  0,  0,  0, ; 
35	1.0	0.670733	5	0.991711, 1.0, 0.991711, 1.0, 0.956065,  0,  0,  0,  0,  0,  0,  0,  0,  0,  0,  0,  0,  0,  0, ; 
36	0.96	0.739016	7	0.00721636, 1.0, 0.424575, 0.0158893, 1.0, 0.958877, 0.958949,  0,  0,  0,  0,  0,  0,  0,  0,  0,  0,  0,  0, ; 
37	0.48	0.714359	6	0.990802, 0.0134352, 0.505961, 1.0, 0.936272, 1.0,  0,  0,  0,  0,  0,  0,  0,  0,  0,  0,  0,  0,  0, ; 
38	0.8400000000000001	0.8487709999999999	8	0.00121183, 0.0123725, 0.002252, 0, 0.0123725, 0, 1.0, 0,  0,  0,  0,  0,  0,  0,  0,  0,  0,  0,  0, ; 
39	1.0	0.670811	5	0.991737, 0.956356, 1.0, 0.991737, 1.0,  0,  0,  0,  0,  0,  0,  0,  0,  0,  0,  0,  0,  0,  0, ; 
40	1.0	0.670801	5	0.991733, 1.0, 0.956318, 0.991733, 1.0,  0,  0,  0,  0,  0,  0,  0,  0,  0,  0,  0,  0,  0,  0, ; 
41	1.0	0.670747	5	0.991716, 0.956117, 1.0, 0.991716, 1.0,  0,  0,  0,  0,  0,  0,  0,  0,  0,  0,  0,  0,  0,  0, ; 
42	0.75	0.33645	5	0.0236011, 0.987897, 0.424777, 1.0, 1.0,  0,  0,  0,  0,  0,  0,  0,  0,  0,  0,  0,  0,  0,  0, ; 
43	0.76	0.476471	5	0.154751, 0.943607, 0.990041, 1.0, 1.0,  0,  0,  0,  0,  0,  0,  0,  0,  0,  0,  0,  0,  0,  0, ; 
44	0.4	0.503124	5	0.945755, 0.269183, 0.990288, 1.0, 1.0,  0,  0,  0,  0,  0,  0,  0,  0,  0,  0,  0,  0,  0,  0, ; 
45	0.4	0.503124	5	1.0, 0.990288, 0.269183, 1.0, 0.945755,  0,  0,  0,  0,  0,  0,  0,  0,  0,  0,  0,  0,  0,  0, ; 
46	0.3166	0.502977	5	0.990323, 0.94582, 1.0, 0.268445, 1.0,  0,  0,  0,  0,  0,  0,  0,  0,  0,  0,  0,  0,  0,  0, ; 
47	0.3556	0.481075	5	0.94416, 0.174333, 1.0, 0.990098, 1.0,  0,  0,  0,  0,  0,  0,  0,  0,  0,  0,  0,  0,  0,  0, ; 
48	0.4	0.48104700000000006	5	0.174183, 0.990108, 1.0, 0.944183, 1.0,  0,  0,  0,  0,  0,  0,  0,  0,  0,  0,  0,  0,  0,  0, ; 
49	0.4	0.503124	5	0.990288, 1.0, 0.945755, 1.0, 0.269183,  0,  0,  0,  0,  0,  0,  0,  0,  0,  0,  0,  0,  0,  0, ; 
50	0.4	0.503124	5	0.990288, 0.945755, 0.269183, 1.0, 1.0,  0,  0,  0,  0,  0,  0,  0,  0,  0,  0,  0,  0,  0,  0, ; 
51	0.64	0.581222	6	1.0, 0.923609, 0.00548902, 1.0, 0.918666, 0.000783541,  0,  0,  0,  0,  0,  0,  0,  0,  0,  0,  0,  0,  0, ; 
52	0.76	0.47645400000000004	5	0.990038, 0.154703, 1.0, 0.943578, 1.0,  0,  0,  0,  0,  0,  0,  0,  0,  0,  0,  0,  0,  0,  0, ; 
53	0.8800000000000001	0.49414300000000005	5	0.97554, 0.215659, 0.975561, 1.0, 1.0,  0,  0,  0,  0,  0,  0,  0,  0,  0,  0,  0,  0,  0,  0, ; 
54	1.0	0.374632	5	0.970793, 0.665728, 0.00210792, 0.997116, 0.97623,  0,  0,  0,  0,  0,  0,  0,  0,  0,  0,  0,  0,  0,  0, ; 
55	1.0	0.670826	5	1.0, 0.991742, 0.991742, 0.956413, 1.0,  0,  0,  0,  0,  0,  0,  0,  0,  0,  0,  0,  0,  0,  0, ; 
56	0.7	0.47638400000000003	5	0.154569, 0.990015, 1.0, 0.943416, 1.0,  0,  0,  0,  0,  0,  0,  0,  0,  0,  0,  0,  0,  0,  0, ; 
57	0.8	0.467887	5	0.117931, 1.0, 0.942888, 0.98995, 1.0,  0,  0,  0,  0,  0,  0,  0,  0,  0,  0,  0,  0,  0,  0, ; 
58	0.7	0.47670599999999996	5	0.155214, 0.944147, 0.990108, 1.0, 1.0,  0,  0,  0,  0,  0,  0,  0,  0,  0,  0,  0,  0,  0,  0, ; 
59	0.8800000000000001	0.163931	3	0.993164, 0.0616578, 1.0,  0,  0,  0,  0,  0,  0,  0,  0,  0,  0,  0,  0,  0,  0,  0,  0, ; 
60	0.76	0.05613549999999999	3	0.992691, 0.0163047, 0.00650682,  0,  0,  0,  0,  0,  0,  0,  0,  0,  0,  0,  0,  0,  0,  0,  0, ; 
61	0.52	0.52977	4	0.0116858, 0.978315, 0.994175, 1.0,  0,  0,  0,  0,  0,  0,  0,  0,  0,  0,  0,  0,  0,  0,  0, ; 
62	0.6	0.20306799999999997	3	0.993368, 0.251153, 1.0,  0,  0,  0,  0,  0,  0,  0,  0,  0,  0,  0,  0,  0,  0,  0,  0, ; 
63	1.0	0.773245	7	0.509481, 1.5e-06, 1.0, 1.0, 1.0, 0.000922559, 1.0,  0,  0,  0,  0,  0,  0,  0,  0,  0,  0,  0,  0, ; 
64	1.0	0.670801	5	0.991733, 0.991733, 1.0, 1.0, 0.956318,  0,  0,  0,  0,  0,  0,  0,  0,  0,  0,  0,  0,  0,  0, ; 
