a = [
1	1.0	0.660486	5	0.955399, 0.991617, 1.0, 1.0, 0.947594,  0,  0,  0,  0,  0,  0,  0,  0,  0,  0,  0,  0,  0,  0, ; 
2	1.0	0.411278	7	0.0111635, 0.068986, 1.0, 1.0, 1.5e-06, 0.00539082, 1.0,  0,  0,  0,  0,  0,  0,  0,  0,  0,  0,  0,  0, ; 
3	0.06	0.155846	3	0.0225089, 0.993122, 1.0,  0,  0,  0,  0,  0,  0,  0,  0,  0,  0,  0,  0,  0,  0,  0,  0, ; 
4	0.12	0.0181035	5	0.000775936, 0.000775936, 1.5e-06, 0, 1.5e-06,  0,  0,  0,  0,  0,  0,  0,  0,  0,  0,  0,  0,  0,  0, ; 
5	0.8400000000000001	0.45103799999999994	5	0.988882, 0.988882, 0.00269068, 1.0, 1.0,  0,  0,  0,  0,  0,  0,  0,  0,  0,  0,  0,  0,  0,  0, ; 
6	0.72	0.451047	5	0.988884, 1.0, 0.988884, 0.00272602, 1.0,  0,  0,  0,  0,  0,  0,  0,  0,  0,  0,  0,  0,  0,  0, ; 
7	1.0	0.451039	5	0.988884, 0.988884, 1.0, 1.0, 0.0026926,  0,  0,  0,  0,  0,  0,  0,  0,  0,  0,  0,  0,  0,  0, ; 
8	0.55	0.654471	5	0.955034, 0.921665, 1.0, 0.991566, 1.0,  0,  0,  0,  0,  0,  0,  0,  0,  0,  0,  0,  0,  0,  0, ; 
9	1.0	0.9351939999999999	6	0.96688, 0.995002, 1.0, 1.0, 0.99344, 1.0,  0,  0,  0,  0,  0,  0,  0,  0,  0,  0,  0,  0,  0, ; 
10	0.75	0.468201	5	0.989951, 0.119286, 0.942904, 1.0, 1.0,  0,  0,  0,  0,  0,  0,  0,  0,  0,  0,  0,  0,  0,  0, ; 
11	1.0	0.356523	3	0.994169, 0.994169, 1.0,  0,  0,  0,  0,  0,  0,  0,  0,  0,  0,  0,  0,  0,  0,  0,  0, ; 
12	0.25	0.562127	5	0.914751, 0.949118, 0.596631, 1.0, 1.0,  0,  0,  0,  0,  0,  0,  0,  0,  0,  0,  0,  0,  0,  0, ; 
13	1.0	0.934582	6	0.99496, 0.99496, 1.0, 0.993406, 1.0, 0.966425,  0,  0,  0,  0,  0,  0,  0,  0,  0,  0,  0,  0,  0, ; 
14	0.85	0.24653	5	0.971592, 1.0, 0.0336725, 1.43971e-05, 1.0,  0,  0,  0,  0,  0,  0,  0,  0,  0,  0,  0,  0,  0,  0, ; 
15	0.6799999999999999	0.8385719999999999	6	0.0623467, 1.0, 0.991058, 0.992462, 1.0, 1.0,  0,  0,  0,  0,  0,  0,  0,  0,  0,  0,  0,  0,  0, ; 
16	0.32	0.47724599999999995	5	0.990031, 1.0, 0.943555, 1.0, 0.158198,  0,  0,  0,  0,  0,  0,  0,  0,  0,  0,  0,  0,  0,  0, ; 
17	1.0	0.670719	5	0.991707, 0.956012, 0.991707, 1.0, 1.0,  0,  0,  0,  0,  0,  0,  0,  0,  0,  0,  0,  0,  0,  0, ; 
18	0.72	0.451039	5	0.989814, 0.0453385, 1.0, 0.941773, 1.0,  0,  0,  0,  0,  0,  0,  0,  0,  0,  0,  0,  0,  0,  0, ; 
19	1.0	0.670719	5	0.991707, 0.956012, 0.991707, 1.0, 1.0,  0,  0,  0,  0,  0,  0,  0,  0,  0,  0,  0,  0,  0,  0, ; 
20	0.52	0.617782	5	0.991058, 1.0, 0.726253, 0.991058, 1.0,  0,  0,  0,  0,  0,  0,  0,  0,  0,  0,  0,  0,  0,  0, ; 
21	1.0	0.453288	7	1.5e-06, 0.10637, 0.0759613, 0.0571182, 1.0, 1.0, 1.0,  0,  0,  0,  0,  0,  0,  0,  0,  0,  0,  0,  0, ; 
22	0.64	0.573831	4	0.994423, 1.0, 0.994423, 0.148172,  0,  0,  0,  0,  0,  0,  0,  0,  0,  0,  0,  0,  0,  0,  0, ; 
23	0.96	0.600891	6	0.921389, 0.00729077, 0.00559114, 1.0, 0.989359, 1.0,  0,  0,  0,  0,  0,  0,  0,  0,  0,  0,  0,  0,  0, ; 
24	1.0	0.43939000000000006	5	0.940926, 0.988747, 0.00536915, 1.0, 0.989695,  0,  0,  0,  0,  0,  0,  0,  0,  0,  0,  0,  0,  0,  0, ; 
25	1.0	0.892832	8	1.5e-06, 1.5e-06, 1.5e-06, 1.5e-06, 1.5e-06, 1.0, 1.0, 1.0,  0,  0,  0,  0,  0,  0,  0,  0,  0,  0,  0, ; 
26	0.44000000000000006	0.57455	5	0.950163, 0.577102, 1.0, 0.990902, 1.0,  0,  0,  0,  0,  0,  0,  0,  0,  0,  0,  0,  0,  0,  0, ; 
27	1.0	0.643365	7	1.5e-06, 1.5e-06, 1.5e-06, 1.0, 1.5e-06, 1.5e-06, 1.0,  0,  0,  0,  0,  0,  0,  0,  0,  0,  0,  0,  0, ; 
28	0.85	0.0732143	4	0.00556821, 0.00556821, 0.990779, 0.0257581,  0,  0,  0,  0,  0,  0,  0,  0,  0,  0,  0,  0,  0,  0,  0, ; 
29	1.0	0.670759	5	0.956164, 1.0, 0.99172, 1.0, 0.99172,  0,  0,  0,  0,  0,  0,  0,  0,  0,  0,  0,  0,  0,  0, ; 
30	0.5	0.43133800000000005	5	0.0010988, 0.897375, 0.988695, 1.0, 1.0,  0,  0,  0,  0,  0,  0,  0,  0,  0,  0,  0,  0,  0,  0, ; 
31	0.5599999999999999	0.47722800000000004	5	0.158099, 1.0, 0.943572, 1.0, 0.990037,  0,  0,  0,  0,  0,  0,  0,  0,  0,  0,  0,  0,  0,  0, ; 
32	0.5599999999999999	0.47769200000000006	5	0.990284, 0.158391, 0.945192, 1.0, 1.0,  0,  0,  0,  0,  0,  0,  0,  0,  0,  0,  0,  0,  0,  0, ; 
33	0.5599999999999999	0.660249	5	0.955388, 0.946559, 1.0, 0.991622, 1.0,  0,  0,  0,  0,  0,  0,  0,  0,  0,  0,  0,  0,  0,  0, ; 
34	0.5599999999999999	0.47722800000000004	5	0.943572, 0.990037, 0.158099, 1.0, 1.0,  0,  0,  0,  0,  0,  0,  0,  0,  0,  0,  0,  0,  0,  0, ; 
35	1.0	0.670708	5	0.991703, 1.0, 0.991703, 1.0, 0.955973,  0,  0,  0,  0,  0,  0,  0,  0,  0,  0,  0,  0,  0,  0, ; 
36	0.96	0.736928	7	0.0071711, 1.0, 0.42069, 0.00873436, 1.0, 0.95845, 0.958521,  0,  0,  0,  0,  0,  0,  0,  0,  0,  0,  0,  0, ; 
37	0.48	0.807323	6	0.991888, 0.0117193, 0.924606, 1.0, 0.946702, 1.0,  0,  0,  0,  0,  0,  0,  0,  0,  0,  0,  0,  0,  0, ; 
38	0.8400000000000001	0.8487709999999999	8	0.00121111, 0.0123692, 0.00214526, 0, 0.0123692, 0, 1.0, 0,  0,  0,  0,  0,  0,  0,  0,  0,  0,  0,  0, ; 
39	1.0	0.670738	5	0.991713, 0.956084, 1.0, 0.991713, 1.0,  0,  0,  0,  0,  0,  0,  0,  0,  0,  0,  0,  0,  0,  0, ; 
40	1.0	0.670733	5	0.991712, 1.0, 0.956066, 0.991712, 1.0,  0,  0,  0,  0,  0,  0,  0,  0,  0,  0,  0,  0,  0,  0, ; 
41	1.0	0.670712	5	0.991705, 0.955989, 1.0, 0.991705, 1.0,  0,  0,  0,  0,  0,  0,  0,  0,  0,  0,  0,  0,  0,  0, ; 
42	0.75	0.437967	5	0.029179, 0.988825, 0.898353, 1.0, 1.0,  0,  0,  0,  0,  0,  0,  0,  0,  0,  0,  0,  0,  0,  0, ; 
43	0.76	0.486546	5	0.198276, 0.944156, 0.990111, 1.0, 1.0,  0,  0,  0,  0,  0,  0,  0,  0,  0,  0,  0,  0,  0,  0, ; 
44	0.4	0.574675	5	0.950145, 0.577689, 0.990881, 1.0, 1.0,  0,  0,  0,  0,  0,  0,  0,  0,  0,  0,  0,  0,  0,  0, ; 
45	0.4	0.574675	5	1.0, 0.990881, 0.577689, 1.0, 0.950145,  0,  0,  0,  0,  0,  0,  0,  0,  0,  0,  0,  0,  0,  0, ; 
46	0.3166	0.57455	5	0.990902, 0.950163, 1.0, 0.577102, 1.0,  0,  0,  0,  0,  0,  0,  0,  0,  0,  0,  0,  0,  0,  0, ; 
47	0.3556	0.500154	5	0.945166, 0.256782, 1.0, 0.990236, 1.0,  0,  0,  0,  0,  0,  0,  0,  0,  0,  0,  0,  0,  0,  0, ; 
48	0.4	0.500135	5	0.256683, 0.990241, 1.0, 0.945176, 1.0,  0,  0,  0,  0,  0,  0,  0,  0,  0,  0,  0,  0,  0,  0, ; 
49	0.4	0.574675	5	0.990881, 1.0, 0.950145, 1.0, 0.577689,  0,  0,  0,  0,  0,  0,  0,  0,  0,  0,  0,  0,  0,  0, ; 
50	0.4	0.574675	5	0.990881, 0.950145, 0.577689, 1.0, 1.0,  0,  0,  0,  0,  0,  0,  0,  0,  0,  0,  0,  0,  0,  0, ; 
51	0.64	0.581202	6	1.0, 0.923565, 0.00548572, 1.0, 0.918636, 0.000782483,  0,  0,  0,  0,  0,  0,  0,  0,  0,  0,  0,  0,  0, ; 
52	0.76	0.4865399999999999	5	0.99011, 0.19826, 1.0, 0.944147, 1.0,  0,  0,  0,  0,  0,  0,  0,  0,  0,  0,  0,  0,  0,  0, ; 
53	0.8800000000000001	0.493882	5	0.975513, 0.21453, 0.975575, 1.0, 1.0,  0,  0,  0,  0,  0,  0,  0,  0,  0,  0,  0,  0,  0,  0, ; 
54	1.0	0.40048000000000006	5	0.971413, 0.792111, 0.00216569, 0.993836, 0.976996,  0,  0,  0,  0,  0,  0,  0,  0,  0,  0,  0,  0,  0,  0, ; 
55	1.0	0.670746	5	1.0, 0.991716, 0.991716, 0.956113, 1.0,  0,  0,  0,  0,  0,  0,  0,  0,  0,  0,  0,  0,  0,  0, ; 
56	0.7	0.4865209999999999	5	0.198219, 0.990104, 1.0, 0.944104, 1.0,  0,  0,  0,  0,  0,  0,  0,  0,  0,  0,  0,  0,  0,  0, ; 
57	0.8	0.46570900000000004	5	0.108583, 1.0, 0.942709, 0.989926, 1.0,  0,  0,  0,  0,  0,  0,  0,  0,  0,  0,  0,  0,  0,  0, ; 
58	0.7	0.486672	5	0.198505, 0.944458, 0.990152, 1.0, 1.0,  0,  0,  0,  0,  0,  0,  0,  0,  0,  0,  0,  0,  0,  0, ; 
59	0.8800000000000001	0.157159	3	0.993129, 0.0288689, 1.0,  0,  0,  0,  0,  0,  0,  0,  0,  0,  0,  0,  0,  0,  0,  0,  0, ; 
60	0.76	0.055525599999999994	3	0.992656, 0.0101094, 0.0064994,  0,  0,  0,  0,  0,  0,  0,  0,  0,  0,  0,  0,  0,  0,  0,  0, ; 
61	0.52	0.529755	4	0.0116856, 0.978292, 0.994148, 1.0,  0,  0,  0,  0,  0,  0,  0,  0,  0,  0,  0,  0,  0,  0,  0, ; 
62	0.6	0.232259	3	0.993521, 0.392494, 1.0,  0,  0,  0,  0,  0,  0,  0,  0,  0,  0,  0,  0,  0,  0,  0,  0, ; 
63	1.0	0.773264	7	0.509845, 1.5e-06, 1.0, 1.0, 1.0, 0.000535099, 1.0,  0,  0,  0,  0,  0,  0,  0,  0,  0,  0,  0,  0, ; 
64	1.0	0.670733	5	0.991712, 0.991712, 1.0, 1.0, 0.956066,  0,  0,  0,  0,  0,  0,  0,  0,  0,  0,  0,  0,  0,  0, ; 
